function y=lin(x1,x2)
y=17.3244+1.3070*x1-3.6956*x2+0.3486*x2^2
y1=5.7282+0.6829*x1-7.4989*x2+0.0379*x2^2
y2=28.9206+1.9311*x1+0.1077*x2+0.6594*x2^2