A=[%公司价 他厂价 广告 价差 销售量
3.85	3.80	5.50	-0.05	7.38
3.75	4.00	6.75	0.25	8.51
3.7     4.3     7.25    0.6     9.52
3.7     3.7     5.5     0       7.5
3.6     3.85    7       0.25    9.33
3.6     3.8     6.5     0.2     8.28
3.6     3.75    6.75    0.15    8.75
3.8     3.85    5.25    0.05    7.87    
3.8     3.65    5.25    -0.15   7.1
3.85    4       6       0.15    8
3.9     4.1     6.5     0.2     7.89
3.9     4       6.25    0.1     8.15
3.7     4.1     7       0.4     9.1
3.75    4.2     6.9     0.45    8.86
3.75    4.1     6.8     0.35    8.9
3.8     4.1     6.8     0.3     8.87
3.7     4.2     7.1     0.5     9.26
3.8     4.3     7       0.5     9
3.7     4.1     6.8     0.4     8.75
3.8     3.75    6.5     -0.05   7.95
3.8     3.75    6.25    -0.05   7.65
3.75    3.65    6       -0.1    7.27
3.7     3.9     6.5     0.2     8
3.55    3.65    7       0.1     8.5
3.6     4.1     6.8     0.5     8.75    
3.6     4.1     6.8     0.6     9.21
3.7     .65    6.5      -0.05   8.27
3.75    3.75    5.75    0       7.67
3.80	3.85	5.80	0.05	7.93
3.70	4.25	6.80	0.55	9.26]
y=A(:,5)
x1=A(:,4)
x2=A(:,3)