%《线性代数实验践及MATLAB入门》第六章例题程序ag606
% 八阶系统的行阶梯简化
% 电子工业出版社出版  陈怀琛 龚杰民合著 2005年10月
%
A=[8,6,3,3,7,0,9,9;5,8,3,5,10,6,8,3;7,5,5,4,8,4,8,5;2,3,9,5,4,3,3,4;2,7,2,5,10,2,5,1;5,5,7,5,6,1,2,0;7,1,8,7,1,1,6,7;8,4,1,6,6,2,0,7]
b=[6;1;0;7;6;1;0;3]
U0=rref([A,b])
