%《线性代数实验践及MATLAB入门》第八章例题程序ag861
% 价格平衡模型
% 电子工业出版社出版  陈怀琛 龚杰民合著 2005年10月
%
A=[1,-0.25,-0.25,0;-0.25,1,0,-0.25;-0.25,0,1,-0.25;0,-0.25, -0.25,1]
b=[7.5;15;10;17.5]
U=rref([A,b])
